Execução Iterações KNN Dermatology.

ACC: 0.9726027397260274
Confusion Matrix: 
 [[ 0  0  0  0  0  0  0]
 [ 0 24  0  0  0  0  0]
 [ 0  0 11  0  2  0  0]
 [ 0  0  0 11  0  0  0]
 [ 0  0  0  0  8  0  0]
 [ 0  0  0  0  0 14  0]
 [ 0  0  0  0  0  0  3]] 

ACC: 0.9726027397260274
Confusion Matrix: 
 [[ 0  0  0  0  0  0  0]
 [ 0 24  0  0  0  0  0]
 [ 0  0 10  0  1  0  0]
 [ 0  0  0 15  0  0  0]
 [ 0  0  1  0 10  0  0]
 [ 0  0  0  0  0  8  0]
 [ 0  0  0  0  0  0  4]] 

ACC: 0.9452054794520548
Confusion Matrix: 
 [[ 0  0  0  0  0  0  0]
 [ 0 26  1  0  0  0  0]
 [ 0  0 11  0  2  0  0]
 [ 0  0  0 13  0  0  0]
 [ 0  0  1  0  6  0  0]
 [ 0  0  0  0  0 10  0]
 [ 0  0  0  0  0  0  3]] 

ACC: 0.9726027397260274
Confusion Matrix: 
 [[ 0  0  0  0  0  0  0]
 [ 0 19  0  0  0  0  0]
 [ 0  0 11  0  2  0  0]
 [ 0  0  0 12  0  0  0]
 [ 0  0  0  0 11  0  0]
 [ 0  0  0  0  0 15  0]
 [ 0  0  0  0  0  0  3]] 

ACC: 0.958904109589041
Confusion Matrix: 
 [[ 0  0  0  0  0  0  0]
 [ 0 25  1  0  0  0  0]
 [ 0  0 10  0  1  0  0]
 [ 0  0  0 12  0  0  0]
 [ 0  0  1  0 10  0  0]
 [ 0  0  0  0  0 10  0]
 [ 0  0  0  0  0  0  3]] 

ACC: 0.9863013698630136
Confusion Matrix: 
 [[ 0  0  0  0  0  0  0]
 [ 0 19  0  0  0  0  0]
 [ 0  0 13  0  0  0  0]
 [ 0  0  0 13  0  0  0]
 [ 0  0  1  0  8  0  0]
 [ 0  0  0  0  0 12  0]
 [ 0  0  0  0  0  0  7]] 

ACC: 0.9726027397260274
Confusion Matrix: 
 [[ 0  0  0  0  0  0  0]
 [ 0 21  0  0  0  0  0]
 [ 0  0 12  0  2  0  0]
 [ 0  0  0 11  0  0  0]
 [ 0  0  0  0  7  0  0]
 [ 0  0  0  0  0 15  0]
 [ 0  0  0  0  0  0  5]] 

ACC: 0.958904109589041
Confusion Matrix: 
 [[ 0  0  0  0  0  0  0]
 [ 0 22  0  0  0  0  0]
 [ 0  0 10  0  3  0  0]
 [ 0  0  0 20  0  0  0]
 [ 0  0  0  0  7  0  0]
 [ 0  0  0  0  0 10  0]
 [ 0  0  0  0  0  0  1]] 

ACC: 1.0
Confusion Matrix: 
 [[ 0  0  0  0  0  0  0]
 [ 0 20  0  0  0  0  0]
 [ 0  0 13  0  0  0  0]
 [ 0  0  0 18  0  0  0]
 [ 0  0  0  0  7  0  0]
 [ 0  0  0  0  0 10  0]
 [ 0  0  0  0  0  0  5]] 

ACC: 0.9726027397260274
Confusion Matrix: 
 [[ 0  0  0  0  0  0  0]
 [ 0 25  0  0  0  0  0]
 [ 0  0 11  0  2  0  0]
 [ 0  0  0 15  0  0  0]
 [ 0  0  0  0  9  0  0]
 [ 0  0  0  0  0  8  0]
 [ 0  0  0  0  0  0  3]] 

ACC: 0.9452054794520548
Confusion Matrix: 
 [[ 0  0  0  0  0  0  0]
 [ 0 19  1  0  0  0  0]
 [ 0  0  8  0  2  0  0]
 [ 0  0  0 21  0  0  0]
 [ 0  0  1  0  7  0  0]
 [ 0  0  0  0  0 11  0]
 [ 0  0  0  0  0  0  3]] 

ACC: 0.958904109589041
Confusion Matrix: 
 [[ 0  0  0  0  0  0  0]
 [ 0 23  0  0  0  0  0]
 [ 0  0  7  0  3  0  0]
 [ 0  0  0 12  0  0  0]
 [ 0  0  0  0 15  0  0]
 [ 0  0  0  0  0  8  0]
 [ 0  0  0  0  0  0  5]] 

ACC: 0.9726027397260274
Confusion Matrix: 
 [[ 0  0  0  0  0  0  0]
 [ 0 27  1  0  0  0  0]
 [ 0  0 12  0  0  0  0]
 [ 0  0  0 15  0  0  0]
 [ 0  0  1  0  8  0  0]
 [ 0  0  0  0  0  7  0]
 [ 0  0  0  0  0  0  2]] 

ACC: 0.9863013698630136
Confusion Matrix: 
 [[ 0  0  0  0  0  0  0]
 [ 0 21  0  0  0  0  0]
 [ 0  0 13  0  1  0  0]
 [ 0  0  0 13  0  0  0]
 [ 0  0  0  0 11  0  0]
 [ 0  0  0  0  0  7  0]
 [ 0  0  0  0  0  0  7]] 

ACC: 0.9863013698630136
Confusion Matrix: 
 [[ 0  0  0  0  0  0  0]
 [ 0 18  0  0  0  0  0]
 [ 0  0 14  0  1  0  0]
 [ 0  0  0 17  0  0  0]
 [ 0  0  0  0 12  0  0]
 [ 0  0  0  0  0  8  0]
 [ 0  0  0  0  0  0  3]] 

ACC: 0.958904109589041
Confusion Matrix: 
 [[ 0  0  0  0  0  0  0]
 [ 0 23  0  0  0  0  0]
 [ 0  0 10  0  2  0  0]
 [ 0  0  0 13  0  0  0]
 [ 0  0  0  0 12  0  0]
 [ 0  0  0  0  1  9  0]
 [ 0  0  0  0  0  0  3]] 

ACC: 1.0
Confusion Matrix: 
 [[ 0  0  0  0  0  0  0]
 [ 0 23  0  0  0  0  0]
 [ 0  0  8  0  0  0  0]
 [ 0  0  0 21  0  0  0]
 [ 0  0  0  0  8  0  0]
 [ 0  0  0  0  0  9  0]
 [ 0  0  0  0  0  0  4]] 

ACC: 0.9726027397260274
Confusion Matrix: 
 [[ 0  0  0  0  0  0  0]
 [ 0 27  0  0  1  0  0]
 [ 0  0 10  0  1  0  0]
 [ 0  0  0 13  0  0  0]
 [ 0  0  0  0 12  0  0]
 [ 0  0  0  0  0  6  0]
 [ 0  0  0  0  0  0  3]] 

ACC: 0.958904109589041
Confusion Matrix: 
 [[ 0  0  0  0  0  0  0]
 [ 0 26  0  0  0  0  0]
 [ 0  0  6  0  2  0  0]
 [ 0  0  0 18  0  0  0]
 [ 0  0  1  0  9  0  0]
 [ 0  0  0  0  0  6  0]
 [ 0  0  0  0  0  0  5]] 

ACC: 0.9726027397260274
Confusion Matrix: 
 [[ 0  0  0  0  0  0  0]
 [ 0 25  0  0  0  0  0]
 [ 0  0 11  0  2  0  0]
 [ 0  0  0 12  0  0  0]
 [ 0  0  0  0  8  0  0]
 [ 0  0  0  0  0 12  0]
 [ 0  0  0  0  0  0  3]] 


Acurácia média das 20 iterações: 9.50 ± 5.77