Execução Iterações Naive Dermatology.

ACC: 0.8904109589041096
Confusion Matrix: 
 [[ 0  0  0  0  0  0  0]
 [ 0 15  0  0  0  0  0]
 [ 0  0 12  0  0  0  0]
 [ 0  2  0 17  0  0  0]
 [ 0  0  0  0 10  0  0]
 [ 0  0  0  0  0 10  0]
 [ 0  6  0  0  0  0  1]] 

ACC: 0.9452054794520548
Confusion Matrix: 
 [[ 0  0  0  0  0  0  0]
 [ 0 30  0  0  0  0  0]
 [ 0  0 12  0  0  0  0]
 [ 0  1  0 11  0  0  0]
 [ 0  0  0  0 10  0  0]
 [ 0  0  0  0  0  5  0]
 [ 0  2  1  0  0  0  1]] 

ACC: 0.8767123287671232
Confusion Matrix: 
 [[ 0  0  0  0  0  0  0]
 [ 0 24  0  0  0  0  0]
 [ 0  0 12  0  5  0  0]
 [ 0  1  0 12  0  0  0]
 [ 0  1  0  0  8  0  0]
 [ 0  0  0  0  0  8  0]
 [ 0  2  0  0  0  0  0]] 

ACC: 0.9178082191780822
Confusion Matrix: 
 [[ 0  0  0  0  0  0  0]
 [ 0 25  0  0  0  0  0]
 [ 0  0 11  1  2  0  0]
 [ 0  1  0  8  0  0  0]
 [ 0  1  0  0 14  0  0]
 [ 0  0  0  0  0  8  0]
 [ 0  1  0  0  0  0  1]] 

ACC: 0.8904109589041096
Confusion Matrix: 
 [[ 0  0  0  0  0  0  0]
 [ 0 26  0  0  0  0  0]
 [ 0  0 11  0  2  0  0]
 [ 0  1  0 11  0  0  0]
 [ 0  0  0  0  6  0  0]
 [ 0  1  0  0  0  9  0]
 [ 0  4  0  0  0  0  2]] 

ACC: 0.9178082191780822
Confusion Matrix: 
 [[ 0  0  0  0  0  0  0]
 [ 0 22  0  0  0  0  0]
 [ 0  0 13  0  1  0  0]
 [ 0  2  0 13  0  0  0]
 [ 0  0  0  0 10  0  0]
 [ 0  1  0  0  0  8  0]
 [ 0  2  0  0  0  0  1]] 

ACC: 0.958904109589041
Confusion Matrix: 
 [[ 0  0  0  0  0  0  0]
 [ 0 25  0  0  0  0  0]
 [ 0  0  9  0  2  0  0]
 [ 0  0  0 15  0  0  0]
 [ 0  0  0  0 10  0  0]
 [ 0  0  0  0  0 10  0]
 [ 0  1  0  0  0  0  1]] 

ACC: 0.863013698630137
Confusion Matrix: 
 [[ 0  0  0  0  0  0  0]
 [ 0 24  0  0  0  0  0]
 [ 0  0 11  0  5  0  0]
 [ 0  1  0  9  0  0  0]
 [ 0  1  0  0  9  0  0]
 [ 0  0  0  0  0 10  0]
 [ 0  2  1  0  0  0  0]] 

ACC: 0.8904109589041096
Confusion Matrix: 
 [[ 0  0  0  0  0  0  0]
 [ 0 19  0  0  0  0  0]
 [ 0  0  7  1  1  0  0]
 [ 0  2  0 17  0  0  0]
 [ 0  0  0  0  8  0  0]
 [ 0  0  0  0  0 13  0]
 [ 0  2  2  0  0  0  1]] 

ACC: 0.8904109589041096
Confusion Matrix: 
 [[ 0  0  0  0  0  0  0]
 [ 0 18  0  0  0  0  0]
 [ 0  0 12  1  3  0  0]
 [ 0  2  0 10  0  0  0]
 [ 0  0  0  0 14  0  0]
 [ 0  0  0  0  0 10  0]
 [ 0  2  0  0  0  0  1]] 

ACC: 0.9315068493150684
Confusion Matrix: 
 [[ 0  0  0  0  0  0  0]
 [ 0 26  0  0  0  0  0]
 [ 0  0 10  1  1  0  0]
 [ 0  1  0 19  0  0  0]
 [ 0  0  0  0  8  0  0]
 [ 0  0  0  0  0  5  0]
 [ 0  1  1  0  0  0  0]] 

ACC: 0.8904109589041096
Confusion Matrix: 
 [[ 0  0  0  0  0  0  0]
 [ 0 25  0  0  0  0  0]
 [ 0  0 10  0  2  1  0]
 [ 0  0  0 14  0  0  0]
 [ 0  0  0  0  5  0  0]
 [ 0  0  0  0  0 10  0]
 [ 0  2  3  0  0  0  1]] 

ACC: 0.9178082191780822
Confusion Matrix: 
 [[ 0  0  0  0  0  0  0]
 [ 0 23  0  0  0  0  0]
 [ 0  0 12  0  0  0  0]
 [ 0  0  0 14  0  0  0]
 [ 0  0  0  0 10  0  0]
 [ 0  1  0  0  0  7  0]
 [ 0  3  2  0  0  0  1]] 

ACC: 0.9041095890410958
Confusion Matrix: 
 [[ 0  0  0  0  0  0  0]
 [ 0 20  0  0  0  0  0]
 [ 0  0  9  0  3  0  0]
 [ 0  0  0 13  0  0  0]
 [ 0  0  0  0 11  0  0]
 [ 0  0  0  0  0 11  0]
 [ 0  3  1  0  0  0  2]] 

ACC: 0.8904109589041096
Confusion Matrix: 
 [[ 0  0  0  0  0  0  0]
 [ 0 22  0  0  0  0  0]
 [ 0  0  9  0  4  0  0]
 [ 0  1  0  9  0  0  0]
 [ 0  0  0  0 10  0  0]
 [ 0  0  0  0  0 14  0]
 [ 0  3  0  0  0  0  1]] 

ACC: 0.9315068493150684
Confusion Matrix: 
 [[ 0  0  0  0  0  0  0]
 [ 0 19  0  0  0  0  0]
 [ 0  0 10  1  0  0  0]
 [ 0  2  0 14  0  0  0]
 [ 0  0  0  0 10  0  0]
 [ 0  0  0  0  0 13  0]
 [ 0  1  1  0  0  0  2]] 

ACC: 0.9315068493150684
Confusion Matrix: 
 [[ 0  0  0  0  0  0  0]
 [ 0 26  0  0  0  0  0]
 [ 0  0 13  0  2  0  0]
 [ 0  1  0 10  0  0  0]
 [ 0  1  0  0 13  0  0]
 [ 0  1  0  0  0  5  0]
 [ 0  0  0  0  0  0  1]] 

ACC: 0.9315068493150684
Confusion Matrix: 
 [[ 0  0  0  0  0  0  0]
 [ 0 17  0  0  0  0  0]
 [ 0  1 14  0  2  0  0]
 [ 0  1  0 16  0  0  0]
 [ 0  0  0  0 15  0  0]
 [ 0  0  0  0  0  5  0]
 [ 0  1  0  0  0  0  1]] 

ACC: 0.8904109589041096
Confusion Matrix: 
 [[ 0  0  0  0  0  0  0]
 [ 0 24  0  0  0  0  0]
 [ 0  0  8  1  2  0  0]
 [ 0  2  0  9  0  0  0]
 [ 0  1  0  0 15  0  0]
 [ 0  0  0  0  0  8  0]
 [ 0  1  1  0  0  0  1]] 

ACC: 0.9178082191780822
Confusion Matrix: 
 [[ 0  0  0  0  0  0  0]
 [ 0 28  0  0  0  0  0]
 [ 0  0  6  1  2  0  0]
 [ 0  1  0 14  0  0  0]
 [ 0  0  0  0  7  0  0]
 [ 0  0  0  0  0 10  0]
 [ 0  2  0  0  0  0  2]] 


Acurácia média das 20 iterações: 9.50 ± 5.77